
0;0;0;0;10;0;10
1;0;0;0;8;0;8
2;0;0;0;10;0;10
3;0;0;0;2;0;2
4;0;0;0;19;10;9
5;0;0;0;18;8;10
6;0;0;0;20;10;10
7;0;0;0;14;10;4

0;0;0;1;10;0;10
1;0;0;1;0;0;0
2;0;0;1;9;0;9
3;0;0;1;0;0;0
4;0;0;1;6;6;0
5;0;0;1;10;10;0
6;0;0;1;10;9;1
7;0;0;1;10;10;0

0;10;0;0;10;0;10
1;10;0;0;10;0;10
2;10;0;0;10;0;10
3;10;0;0;10;0;10
4;10;0;0;20;10;10
5;10;0;0;20;10;10
6;10;0;0;20;10;10
7;10;0;0;20;10;10

0;10;0;1;10;0;10
1;10;0;1;9;0;9
2;10;0;1;8;0;8
3;10;0;1;6;0;6
4;10;0;1;20;10;10
5;10;0;1;16;10;6
6;10;0;1;19;9;10
7;10;0;1;17;10;7

0;12;0;0;8;0;8
1;12;0;0;10;0;10
2;12;0;0;10;0;10
3;12;0;0;10;0;10
4;12;0;0;19;9;10
5;12;0;0;20;10;10
6;12;0;0;20;10;10
7;12;0;0;20;10;10

0;12;0;1;10;0;10
1;12;0;1;2;0;2
2;12;0;1;4;0;4
3;12;0;1;4;0;4
4;12;0;1;13;10;3
5;12;0;1;9;9;0
6;12;0;1;2;2;0
7;12;0;1;15;10;5

0;14;0;0;8;0;8
1;14;0;0;10;0;10
2;14;0;0;10;0;10
3;14;0;0;10;0;10
4;14;0;0;12;2;10
5;14;0;0;20;10;10
6;14;0;0;20;10;10
7;14;0;0;13;3;10

0;14;0;1;9;0;9
1;14;0;1;0;0;0
2;14;0;1;4;0;4
3;14;0;1;0;0;0
4;14;0;1;9;9;0
5;14;0;1;9;8;1
6;14;0;1;11;2;9
7;14;0;1;10;10;0

0;2;0;0;10;0;10
1;2;0;0;9;0;9
2;2;0;0;10;0;10
3;2;0;0;10;0;10
4;2;0;0;19;9;10
5;2;0;0;20;10;10
6;2;0;0;18;10;8
7;2;0;0;19;10;9

0;2;0;1;10;0;10
1;2;0;1;0;0;0
2;2;0;1;0;0;0
3;2;0;1;0;0;0
4;2;0;1;12;10;2
5;2;0;1;0;0;0
6;2;0;1;2;0;2
7;2;0;1;10;10;0

0;4;0;0;10;0;10
1;4;0;0;10;0;10
2;4;0;0;10;0;10
3;4;0;0;10;0;10
4;4;0;0;19;9;10
5;4;0;0;20;10;10
6;4;0;0;20;10;10
7;4;0;0;20;10;10

0;4;0;1;10;0;10
1;4;0;1;4;0;4
2;4;0;1;8;0;8
3;4;0;1;10;0;10
4;4;0;1;19;9;10
5;4;0;1;11;10;1
6;4;0;1;7;6;1
7;4;0;1;18;9;9

0;6;0;0;10;0;10
1;6;0;0;10;0;10
2;6;0;0;10;0;10
3;6;0;0;10;0;10
4;6;0;0;20;10;10
5;6;0;0;20;10;10
6;6;0;0;20;10;10
7;6;0;0;20;10;10

0;6;0;1;10;0;10
1;6;0;1;2;0;2
2;6;0;1;10;0;10
3;6;0;1;10;0;10
4;6;0;1;19;10;9
5;6;0;1;15;10;5
6;6;0;1;19;10;9
7;6;0;1;19;10;9

0;8;0;0;10;0;10
1;8;0;0;10;0;10
2;8;0;0;10;0;10
3;8;0;0;3;0;3
4;8;0;0;17;10;7
5;8;0;0;19;10;9
6;8;0;0;20;10;10
7;8;0;0;17;10;7

0;8;0;1;10;0;10
1;8;0;1;4;0;4
2;8;0;1;4;0;4
3;8;0;1;10;0;10
4;8;0;1;17;10;7
5;8;0;1;12;8;4
6;8;0;1;15;6;9
7;8;0;1;15;9;6

0;0;10;0;0;0;0
1;0;10;0;0;0;0
2;0;10;0;0;0;0
3;0;10;0;0;0;0
4;0;10;0;0;0;0
5;0;10;0;0;0;0
6;0;10;0;0;0;0
7;0;10;0;0;0;0

0;0;10;1;0;0;0
1;0;10;1;0;0;0
2;0;10;1;0;0;0
3;0;10;1;0;0;0
4;0;10;1;0;0;0
5;0;10;1;0;0;0
6;0;10;1;0;0;0
7;0;10;1;0;0;0

0;10;10;0;7;0;7
1;10;10;0;0;0;0
2;10;10;0;0;0;0
3;10;10;0;0;0;0
4;10;10;0;8;8;0
5;10;10;0;0;0;0
6;10;10;0;0;0;0
7;10;10;0;6;6;0

0;10;10;1;3;0;3
1;10;10;1;0;0;0
2;10;10;1;0;0;0
3;10;10;1;0;0;0
4;10;10;1;6;6;0
5;10;10;1;5;5;0
6;10;10;1;0;0;0
7;10;10;1;9;9;0

0;12;10;0;10;0;10
1;12;10;0;0;0;0
2;12;10;0;0;0;0
3;12;10;0;0;0;0
4;12;10;0;9;9;0
5;12;10;0;7;7;0
6;12;10;0;3;1;2
7;12;10;0;10;10;0

0;12;10;1;1;0;1
1;12;10;1;0;0;0
2;12;10;1;0;0;0
3;12;10;1;0;0;0
4;12;10;1;8;8;0
5;12;10;1;3;3;0
6;12;10;1;1;0;1
7;12;10;1;10;10;0

0;14;10;0;10;0;10
1;14;10;0;0;0;0
2;14;10;0;0;0;0
3;14;10;0;0;0;0
4;14;10;0;10;10;0
5;14;10;0;4;4;0
6;14;10;0;0;0;0
7;14;10;0;10;10;0

0;14;10;1;9;0;9
1;14;10;1;0;0;0
2;14;10;1;0;0;0
3;14;10;1;0;0;0
4;14;10;1;8;8;0
5;14;10;1;4;4;0
6;14;10;1;1;0;1
7;14;10;1;10;9;1

0;16;10;0;10;0;10
1;16;10;0;0;0;0
2;16;10;0;6;0;6
3;16;10;0;0;0;0
4;16;10;0;9;9;0
5;16;10;0;10;10;0
6;16;10;0;6;6;0
7;16;10;0;10;10;0

0;16;10;1;8;0;8
1;16;10;1;2;0;2
2;16;10;1;6;0;6
3;16;10;1;0;0;0
4;16;10;1;9;9;0
5;16;10;1;9;8;1
6;16;10;1;8;6;2
7;16;10;1;10;10;0

0;18;10;0;10;0;10
1;18;10;0;7;0;7
2;18;10;0;10;0;10
3;18;10;0;0;0;0
4;18;10;0;10;9;1
5;18;10;0;18;10;8
6;18;10;0;20;10;10
7;18;10;0;10;9;1

0;18;10;1;10;0;10
1;18;10;1;0;0;0
2;18;10;1;8;0;8
3;18;10;1;0;0;0
4;18;10;1;9;9;0
5;18;10;1;8;8;0
6;18;10;1;3;2;1
7;18;10;1;10;10;0

0;20;10;0;0;0;0
1;20;10;0;0;0;0
2;20;10;0;0;0;0
3;20;10;0;0;0;0
4;20;10;0;0;0;0
5;20;10;0;0;0;0
6;20;10;0;5;0;5
7;20;10;0;1;0;1

0;20;10;1;0;0;0
1;20;10;1;0;0;0
2;20;10;1;0;0;0
3;20;10;1;0;0;0
4;20;10;1;0;0;0
5;20;10;1;0;0;0
6;20;10;1;0;0;0
7;20;10;1;0;0;0

0;2;10;0;0;0;0
1;2;10;0;0;0;0
2;2;10;0;0;0;0
3;2;10;0;0;0;0
4;2;10;0;0;0;0
5;2;10;0;0;0;0
6;2;10;0;2;0;2
7;2;10;0;0;0;0

0;2;10;1;0;0;0
1;2;10;1;0;0;0
2;2;10;1;0;0;0
3;2;10;1;0;0;0
4;2;10;1;0;0;0
5;2;10;1;3;3;0
6;2;10;1;0;0;0
7;2;10;1;1;1;0

0;22;10;0;0;0;0
1;22;10;0;0;0;0
2;22;10;0;0;0;0
3;22;10;0;0;0;0
4;22;10;0;0;0;0
5;22;10;0;1;1;0
6;22;10;0;0;0;0
7;22;10;0;0;0;0

0;22;10;1;0;0;0
1;22;10;1;0;0;0
2;22;10;1;0;0;0
3;22;10;1;0;0;0
4;22;10;1;0;0;0
5;22;10;1;9;9;0
6;22;10;1;0;0;0
7;22;10;1;1;1;0

0;4;10;0;0;0;0
1;4;10;0;0;0;0
2;4;10;0;0;0;0
3;4;10;0;0;0;0
4;4;10;0;0;0;0
5;4;10;0;4;4;0
6;4;10;0;2;0;2
7;4;10;0;0;0;0

0;4;10;1;0;0;0
1;4;10;1;0;0;0
2;4;10;1;0;0;0
3;4;10;1;0;0;0
4;4;10;1;0;0;0
5;4;10;1;2;2;0
6;4;10;1;0;0;0
7;4;10;1;0;0;0

0;6;10;0;2;0;2
1;6;10;0;0;0;0
2;6;10;0;0;0;0
3;6;10;0;0;0;0
4;6;10;0;0;0;0
5;6;10;0;1;1;0
6;6;10;0;1;0;1
7;6;10;0;8;8;0

0;6;10;1;0;0;0
1;6;10;1;0;0;0
2;6;10;1;0;0;0
3;6;10;1;0;0;0
4;6;10;1;0;0;0
5;6;10;1;4;4;0
6;6;10;1;0;0;0
7;6;10;1;0;0;0

0;8;10;0;2;0;2
1;8;10;0;0;0;0
2;8;10;0;0;0;0
3;8;10;0;0;0;0
4;8;10;0;2;2;0
5;8;10;0;0;0;0
6;8;10;0;0;0;0
7;8;10;0;9;9;0

0;8;10;1;0;0;0
1;8;10;1;0;0;0
2;8;10;1;0;0;0
3;8;10;1;0;0;0
4;8;10;1;0;0;0
5;8;10;1;7;7;0
6;8;10;1;0;0;0
7;8;10;1;0;0;0

0;0;12;0;0;0;0
1;0;12;0;0;0;0
2;0;12;0;0;0;0
3;0;12;0;0;0;0
4;0;12;0;0;0;0
5;0;12;0;4;4;0
6;0;12;0;2;1;1
7;0;12;0;0;0;0

0;0;12;1;0;0;0
1;0;12;1;0;0;0
2;0;12;1;0;0;0
3;0;12;1;0;0;0
4;0;12;1;0;0;0
5;0;12;1;0;0;0
6;0;12;1;0;0;0
7;0;12;1;1;1;0

0;10;12;0;0;0;0
1;10;12;0;0;0;0
2;10;12;0;0;0;0
3;10;12;0;0;0;0
4;10;12;0;1;1;0
5;10;12;0;0;0;0
6;10;12;0;2;0;2
7;10;12;0;2;2;0

0;10;12;1;0;0;0
1;10;12;1;0;0;0
2;10;12;1;0;0;0
3;10;12;1;0;0;0
4;10;12;1;0;0;0
5;10;12;1;2;2;0
6;10;12;1;0;0;0
7;10;12;1;0;0;0

0;12;12;0;9;0;9
1;12;12;0;0;0;0
2;12;12;0;0;0;0
3;12;12;0;0;0;0
4;12;12;0;8;8;0
5;12;12;0;2;2;0
6;12;12;0;0;0;0
7;12;12;0;10;10;0

0;12;12;1;3;0;3
1;12;12;1;0;0;0
2;12;12;1;0;0;0
3;12;12;1;0;0;0
4;12;12;1;3;3;0
5;12;12;1;1;1;0
6;12;12;1;0;0;0
7;12;12;1;5;5;0

0;14;12;0;10;0;10
1;14;12;0;0;0;0
2;14;12;0;0;0;0
3;14;12;0;0;0;0
4;14;12;0;9;9;0
5;14;12;0;0;0;0
6;14;12;0;0;0;0
7;14;12;0;9;9;0

0;14;12;1;5;0;5
1;14;12;1;0;0;0
2;14;12;1;0;0;0
3;14;12;1;0;0;0
4;14;12;1;5;5;0
5;14;12;1;4;4;0
6;14;12;1;1;0;1
7;14;12;1;8;8;0

0;16;12;0;12;2;10
1;16;12;0;1;0;1
2;16;12;0;2;0;2
3;16;12;0;0;0;0
4;16;12;0;6;6;0
5;16;12;0;5;5;0
6;16;12;0;2;0;2
7;16;12;0;10;10;0

0;16;12;1;10;0;10
1;16;12;1;2;0;2
2;16;12;1;9;0;9
3;16;12;1;0;0;0
4;16;12;1;10;10;0
5;16;12;1;8;8;0
6;16;12;1;5;5;0
7;16;12;1;10;10;0

0;18;12;0;3;0;3
1;18;12;0;0;0;0
2;18;12;0;0;0;0
3;18;12;0;0;0;0
4;18;12;0;2;2;0
5;18;12;0;4;4;0
6;18;12;0;0;0;0
7;18;12;0;7;7;0

0;18;12;1;1;0;1
1;18;12;1;0;0;0
2;18;12;1;0;0;0
3;18;12;1;0;0;0
4;18;12;1;2;2;0
5;18;12;1;2;2;0
6;18;12;1;0;0;0
7;18;12;1;2;2;0

0;20;12;0;0;0;0
1;20;12;0;0;0;0
2;20;12;0;0;0;0
3;20;12;0;0;0;0
4;20;12;0;3;3;0
5;20;12;0;6;6;0
6;20;12;0;0;0;0
7;20;12;0;0;0;0

0;20;12;1;0;0;0
1;20;12;1;0;0;0
2;20;12;1;0;0;0
3;20;12;1;0;0;0
4;20;12;1;0;0;0
5;20;12;1;5;5;0
6;20;12;1;2;1;1
7;20;12;1;3;3;0

0;2;12;0;0;0;0
1;2;12;0;0;0;0
2;2;12;0;0;0;0
3;2;12;0;0;0;0
4;2;12;0;0;0;0
5;2;12;0;2;2;0
6;2;12;0;0;0;0
7;2;12;0;0;0;0

0;2;12;1;0;0;0
1;2;12;1;0;0;0
2;2;12;1;0;0;0
3;2;12;1;0;0;0
4;2;12;1;0;0;0
5;2;12;1;0;0;0
6;2;12;1;0;0;0
7;2;12;1;0;0;0

0;22;12;0;0;0;0
1;22;12;0;0;0;0
2;22;12;0;0;0;0
3;22;12;0;0;0;0
4;22;12;0;0;0;0
5;22;12;0;0;0;0
6;22;12;0;0;0;0
7;22;12;0;4;4;0

0;22;12;1;0;0;0
1;22;12;1;0;0;0
2;22;12;1;0;0;0
3;22;12;1;0;0;0
4;22;12;1;1;0;1
5;22;12;1;0;0;0
6;22;12;1;0;0;0
7;22;12;1;8;8;0

0;4;12;0;0;0;0
1;4;12;0;0;0;0
2;4;12;0;0;0;0
3;4;12;0;0;0;0
4;4;12;0;0;0;0
5;4;12;0;0;0;0
6;4;12;0;0;0;0
7;4;12;0;0;0;0

0;4;12;1;0;0;0
1;4;12;1;0;0;0
2;4;12;1;0;0;0
3;4;12;1;0;0;0
4;4;12;1;0;0;0
5;4;12;1;3;3;0
6;4;12;1;0;0;0
7;4;12;1;0;0;0

0;6;12;0;0;0;0
1;6;12;0;0;0;0
2;6;12;0;0;0;0
3;6;12;0;0;0;0
4;6;12;0;0;0;0
5;6;12;0;3;3;0
6;6;12;0;0;0;0
7;6;12;0;0;0;0

0;6;12;1;0;0;0
1;6;12;1;0;0;0
2;6;12;1;0;0;0
3;6;12;1;0;0;0
4;6;12;1;0;0;0
5;6;12;1;0;0;0
6;6;12;1;0;0;0
7;6;12;1;0;0;0

0;8;12;0;0;0;0
1;8;12;0;0;0;0
2;8;12;0;0;0;0
3;8;12;0;0;0;0
4;8;12;0;0;0;0
5;8;12;0;0;0;0
6;8;12;0;0;0;0
7;8;12;0;0;0;0

0;8;12;1;0;0;0
1;8;12;1;0;0;0
2;8;12;1;0;0;0
3;8;12;1;0;0;0
4;8;12;1;0;0;0
5;8;12;1;0;0;0
6;8;12;1;2;0;2
7;8;12;1;0;0;0

0;0;14;0;0;0;0
1;0;14;0;0;0;0
2;0;14;0;0;0;0
3;0;14;0;0;0;0
4;0;14;0;0;0;0
5;0;14;0;2;2;0
6;0;14;0;0;0;0
7;0;14;0;0;0;0

0;0;14;1;0;0;0
1;0;14;1;0;0;0
2;0;14;1;0;0;0
3;0;14;1;0;0;0
4;0;14;1;2;0;2
5;0;14;1;2;2;0
6;0;14;1;2;1;1
7;0;14;1;1;1;0

0;10;14;0;2;0;2
1;10;14;0;0;0;0
2;10;14;0;0;0;0
3;10;14;0;0;0;0
4;10;14;0;0;0;0
5;10;14;0;0;0;0
6;10;14;0;3;0;3
7;10;14;0;3;3;0

0;10;14;1;1;0;1
1;10;14;1;0;0;0
2;10;14;1;0;0;0
3;10;14;1;0;0;0
4;10;14;1;1;1;0
5;10;14;1;6;6;0
6;10;14;1;4;1;3
7;10;14;1;5;5;0

0;12;14;0;8;0;8
1;12;14;0;0;0;0
2;12;14;0;0;0;0
3;12;14;0;0;0;0
4;12;14;0;4;4;0
5;12;14;0;5;5;0
6;12;14;0;1;0;1
7;12;14;0;6;6;0

0;12;14;1;4;0;4
1;12;14;1;0;0;0
2;12;14;1;1;0;1
3;12;14;1;0;0;0
4;12;14;1;6;6;0
5;12;14;1;2;2;0
6;12;14;1;1;1;0
7;12;14;1;2;2;0

0;14;14;0;10;0;10
1;14;14;0;2;0;2
2;14;14;0;8;0;8
3;14;14;0;0;0;0
4;14;14;0;10;10;0
5;14;14;0;6;6;0
6;14;14;0;12;7;5
7;14;14;0;10;10;0

0;14;14;1;4;0;4
1;14;14;1;0;0;0
2;14;14;1;0;0;0
3;14;14;1;0;0;0
4;14;14;1;10;10;0
5;14;14;1;1;1;0
6;14;14;1;6;4;2
7;14;14;1;10;10;0

0;16;14;0;4;0;4
1;16;14;0;0;0;0
2;16;14;0;1;0;1
3;16;14;0;0;0;0
4;16;14;0;6;6;0
5;16;14;0;4;4;0
6;16;14;0;5;0;5
7;16;14;0;8;8;0

0;16;14;1;8;0;8
1;16;14;1;0;0;0
2;16;14;1;2;0;2
3;16;14;1;0;0;0
4;16;14;1;9;9;0
5;16;14;1;2;2;0
6;16;14;1;1;0;1
7;16;14;1;10;10;0

0;18;14;0;0;0;0
1;18;14;0;0;0;0
2;18;14;0;0;0;0
3;18;14;0;0;0;0
4;18;14;0;0;0;0
5;18;14;0;4;4;0
6;18;14;0;0;0;0
7;18;14;0;0;0;0

0;18;14;1;0;0;0
1;18;14;1;0;0;0
2;18;14;1;0;0;0
3;18;14;1;0;0;0
4;18;14;1;0;0;0
5;18;14;1;2;2;0
6;18;14;1;0;0;0
7;18;14;1;0;0;0

0;20;14;0;0;0;0
1;20;14;0;0;0;0
2;20;14;0;0;0;0
3;20;14;0;0;0;0
4;20;14;0;0;0;0
5;20;14;0;1;1;0

0;20;14;0;0;0;0
1;20;14;0;0;0;0
2;20;14;0;0;0;0
3;20;14;0;0;0;0
4;20;14;0;0;0;0
5;20;14;0;1;1;0

0;2;14;0;0;0;0
1;2;14;0;0;0;0
2;2;14;0;0;0;0
3;2;14;0;0;0;0
4;2;14;0;0;0;0
5;2;14;0;0;0;0
6;2;14;0;1;0;1
7;2;14;0;1;1;0

0;2;14;1;0;0;0
1;2;14;1;0;0;0
2;2;14;1;0;0;0
3;2;14;1;0;0;0
4;2;14;1;0;0;0
5;2;14;1;1;1;0
6;2;14;1;3;0;3
7;2;14;1;2;2;0

0;4;14;0;0;0;0
1;4;14;0;0;0;0
2;4;14;0;0;0;0
3;4;14;0;0;0;0
4;4;14;0;0;0;0
5;4;14;0;1;1;0
6;4;14;0;0;0;0
7;4;14;0;0;0;0

0;4;14;1;0;0;0
1;4;14;1;0;0;0
2;4;14;1;0;0;0
3;4;14;1;0;0;0
4;4;14;1;0;0;0
5;4;14;1;1;1;0
6;4;14;1;1;0;1
7;4;14;1;0;0;0

0;6;14;0;0;0;0
1;6;14;0;0;0;0
2;6;14;0;0;0;0
3;6;14;0;0;0;0
4;6;14;0;0;0;0
5;6;14;0;0;0;0
6;6;14;0;0;0;0
7;6;14;0;3;3;0

0;6;14;1;0;0;0
1;6;14;1;0;0;0
2;6;14;1;0;0;0
3;6;14;1;0;0;0
4;6;14;1;0;0;0
5;6;14;1;2;2;0
6;6;14;1;2;0;2
7;6;14;1;1;1;0

0;8;14;0;0;0;0
1;8;14;0;0;0;0
2;8;14;0;0;0;0
3;8;14;0;0;0;0
4;8;14;0;0;0;0
5;8;14;0;1;1;0
6;8;14;0;7;0;7
7;8;14;0;5;5;0

0;8;14;1;0;0;0
1;8;14;1;0;0;0
2;8;14;1;0;0;0
3;8;14;1;0;0;0
4;8;14;1;0;0;0
5;8;14;1;3;3;0
6;8;14;1;0;0;0
7;8;14;1;2;2;0

0;0;16;0;0;0;0
1;0;16;0;0;0;0
2;0;16;0;0;0;0
3;0;16;0;0;0;0
4;0;16;0;0;0;0
5;0;16;0;0;0;0
6;0;16;0;2;0;2
7;0;16;0;0;0;0

0;0;16;1;0;0;0
1;0;16;1;0;0;0
2;0;16;1;0;0;0
3;0;16;1;0;0;0
4;0;16;1;0;0;0
5;0;16;1;0;0;0
6;0;16;1;0;0;0
7;0;16;1;1;1;0

0;10;16;0;1;0;1
1;10;16;0;0;0;0
2;10;16;0;0;0;0
3;10;16;0;0;0;0
4;10;16;0;3;3;0
5;10;16;0;2;2;0
6;10;16;0;0;0;0
7;10;16;0;1;1;0

0;10;16;1;2;0;2
1;10;16;1;0;0;0
2;10;16;1;0;0;0
3;10;16;1;0;0;0
4;10;16;1;4;4;0
5;10;16;1;0;0;0
6;10;16;1;2;0;2
7;10;16;1;8;8;0

0;12;16;0;1;0;1
1;12;16;0;0;0;0
2;12;16;0;0;0;0
3;12;16;0;0;0;0
4;12;16;0;5;5;0
5;12;16;0;2;2;0
6;12;16;0;1;0;1
7;12;16;0;8;8;0

0;12;16;1;8;0;8
1;12;16;1;0;0;0
2;12;16;1;1;0;1
3;12;16;1;0;0;0
4;12;16;1;10;10;0
5;12;16;1;5;5;0
6;12;16;1;2;1;1
7;12;16;1;9;9;0

0;14;16;0;7;0;7
1;14;16;0;0;0;0
2;14;16;0;0;0;0
3;14;16;0;0;0;0
4;14;16;0;5;5;0
5;14;16;0;0;0;0
6;14;16;0;0;0;0
7;14;16;0;10;10;0

0;14;16;1;9;0;9
1;14;16;1;0;0;0
2;14;16;1;0;0;0
3;14;16;1;0;0;0
4;14;16;1;4;4;0
5;14;16;1;0;0;0
6;14;16;1;1;0;1
7;14;16;1;1;1;0

0;16;16;0;0;0;0
1;16;16;0;0;0;0
2;16;16;0;0;0;0
3;16;16;0;0;0;0
4;16;16;0;0;0;0
5;16;16;0;0;0;0
6;16;16;0;3;0;3
7;16;16;0;0;0;0

0;16;16;1;0;0;0
1;16;16;1;0;0;0
2;16;16;1;0;0;0
3;16;16;1;0;0;0
4;16;16;1;0;0;0
5;16;16;1;0;0;0
6;16;16;1;0;0;0
7;16;16;1;0;0;0

0;18;16;0;0;0;0
1;18;16;0;0;0;0
2;18;16;0;0;0;0
3;18;16;0;0;0;0
4;18;16;0;0;0;0
5;18;16;0;1;1;0
6;18;16;0;0;0;0
7;18;16;0;0;0;0

0;18;16;1;0;0;0
1;18;16;1;0;0;0
2;18;16;1;0;0;0
3;18;16;1;0;0;0
4;18;16;1;0;0;0
5;18;16;1;1;1;0
6;18;16;1;0;0;0
7;18;16;1;2;2;0

0;20;16;0;0;0;0
1;20;16;0;0;0;0
2;20;16;0;0;0;0
3;20;16;0;0;0;0
4;20;16;0;0;0;0
5;20;16;0;1;1;0
6;20;16;0;2;0;2
7;20;16;0;2;2;0

0;20;16;1;0;0;0
1;20;16;1;0;0;0
2;20;16;1;0;0;0
3;20;16;1;0;0;0
4;20;16;1;0;0;0
5;20;16;1;1;1;0
6;20;16;1;0;0;0
7;20;16;1;0;0;0

0;2;16;0;0;0;0
1;2;16;0;0;0;0
2;2;16;0;0;0;0
3;2;16;0;0;0;0
4;2;16;0;0;0;0
5;2;16;0;4;4;0
6;2;16;0;0;0;0
7;2;16;0;0;0;0

0;2;16;1;0;0;0
1;2;16;1;0;0;0
2;2;16;1;0;0;0
3;2;16;1;0;0;0
4;2;16;1;0;0;0
5;2;16;1;2;2;0
6;2;16;1;7;0;7
7;2;16;1;1;1;0

0;22;16;0;0;0;0
1;22;16;0;0;0;0
2;22;16;0;0;0;0
3;22;16;0;0;0;0
4;22;16;0;3;0;3
5;22;16;0;2;2;0
6;22;16;0;3;0;3
7;22;16;0;2;2;0

0;22;16;1;0;0;0
1;22;16;1;0;0;0
2;22;16;1;0;0;0
3;22;16;1;0;0;0
4;22;16;1;0;0;0
5;22;16;1;0;0;0
6;22;16;1;0;0;0
7;22;16;1;0;0;0

0;4;16;0;0;0;0
1;4;16;0;0;0;0
2;4;16;0;0;0;0
3;4;16;0;0;0;0
4;4;16;0;0;0;0
5;4;16;0;0;0;0
6;4;16;0;1;0;1
7;4;16;0;0;0;0

0;4;16;1;0;0;0
1;4;16;1;0;0;0
2;4;16;1;0;0;0
3;4;16;1;0;0;0
4;4;16;1;0;0;0
5;4;16;1;0;0;0
6;4;16;1;0;0;0
7;4;16;1;0;0;0

0;6;16;0;0;0;0
1;6;16;0;0;0;0
2;6;16;0;0;0;0
3;6;16;0;0;0;0
4;6;16;0;0;0;0
5;6;16;0;0;0;0
6;6;16;0;3;0;3
7;6;16;0;2;2;0

0;6;16;1;0;0;0
1;6;16;1;0;0;0
2;6;16;1;0;0;0
3;6;16;1;0;0;0
4;6;16;1;0;0;0
5;6;16;1;2;2;0
6;6;16;1;3;0;3
7;6;16;1;0;0;0

0;8;16;0;0;0;0
1;8;16;0;0;0;0
2;8;16;0;0;0;0
3;8;16;0;0;0;0
4;8;16;0;0;0;0
5;8;16;0;3;3;0
6;8;16;0;1;0;1
7;8;16;0;0;0;0

0;8;16;1;0;0;0
1;8;16;1;0;0;0
2;8;16;1;0;0;0
3;8;16;1;0;0;0
4;8;16;1;0;0;0
5;8;16;1;1;1;0
6;8;16;1;0;0;0
7;8;16;1;0;0;0

0;0;18;0;0;0;0
1;0;18;0;0;0;0
2;0;18;0;0;0;0
3;0;18;0;0;0;0
4;0;18;0;0;0;0
5;0;18;0;0;0;0
6;0;18;0;0;0;0
7;0;18;0;5;5;0

0;0;18;1;0;0;0
1;0;18;1;0;0;0
2;0;18;1;0;0;0
3;0;18;1;0;0;0
4;0;18;1;0;0;0
5;0;18;1;0;0;0
6;0;18;1;1;0;1
7;0;18;1;0;0;0

0;10;18;0;1;0;1
1;10;18;0;0;0;0
2;10;18;0;0;0;0
3;10;18;0;0;0;0
4;10;18;0;5;5;0
5;10;18;0;2;2;0
6;10;18;0;0;0;0
7;10;18;0;5;5;0

0;10;18;1;3;0;3
1;10;18;1;0;0;0
2;10;18;1;0;0;0
3;10;18;1;0;0;0
4;10;18;1;0;0;0
5;10;18;1;3;3;0
6;10;18;1;1;0;1
7;10;18;1;6;6;0

0;12;18;0;3;0;3
1;12;18;0;0;0;0
2;12;18;0;0;0;0
3;12;18;0;0;0;0
4;12;18;0;0;0;0
5;12;18;0;1;1;0
6;12;18;0;0;0;0
7;12;18;0;3;3;0

0;12;18;1;1;0;1
1;12;18;1;0;0;0
2;12;18;1;0;0;0
3;12;18;1;0;0;0
4;12;18;1;0;0;0
5;12;18;1;0;0;0
6;12;18;1;0;0;0
7;12;18;1;0;0;0

0;14;18;0;0;0;0
1;14;18;0;0;0;0
2;14;18;0;0;0;0
3;14;18;0;0;0;0
4;14;18;0;0;0;0
5;14;18;0;0;0;0
6;14;18;0;0;0;0
7;14;18;0;0;0;0

0;14;18;1;0;0;0
1;14;18;1;0;0;0
2;14;18;1;0;0;0
3;14;18;1;0;0;0
4;14;18;1;0;0;0
5;14;18;1;3;3;0
6;14;18;1;2;0;2
7;14;18;1;0;0;0

0;16;18;0;0;0;0
1;16;18;0;0;0;0
2;16;18;0;0;0;0
3;16;18;0;0;0;0
4;16;18;0;0;0;0
5;16;18;0;1;1;0
6;16;18;0;0;0;0
7;16;18;0;0;0;0

0;16;18;1;0;0;0
1;16;18;1;0;0;0
2;16;18;1;0;0;0
3;16;18;1;0;0;0
4;16;18;1;0;0;0
5;16;18;1;0;0;0
6;16;18;1;0;0;0
7;16;18;1;0;0;0

0;2;18;0;0;0;0
1;2;18;0;0;0;0
2;2;18;0;0;0;0
3;2;18;0;0;0;0
4;2;18;0;0;0;0
5;2;18;0;0;0;0
6;2;18;0;0;0;0
7;2;18;0;0;0;0

0;2;18;1;0;0;0
1;2;18;1;0;0;0
2;2;18;1;0;0;0
3;2;18;1;0;0;0
4;2;18;1;0;0;0
5;2;18;1;3;3;0
6;2;18;1;3;1;2
7;2;18;1;1;1;0

0;4;18;0;0;0;0
1;4;18;0;0;0;0
2;4;18;0;0;0;0
3;4;18;0;0;0;0
4;4;18;0;0;0;0
5;4;18;0;3;3;0
6;4;18;0;0;0;0
7;4;18;0;0;0;0

0;4;18;1;0;0;0
1;4;18;1;0;0;0
2;4;18;1;0;0;0
3;4;18;1;0;0;0
4;4;18;1;0;0;0
5;4;18;1;0;0;0
6;4;18;1;0;0;0
7;4;18;1;0;0;0

0;6;18;0;0;0;0
1;6;18;0;0;0;0
2;6;18;0;0;0;0
3;6;18;0;0;0;0
4;6;18;0;0;0;0
5;6;18;0;1;1;0
6;6;18;0;0;0;0
7;6;18;0;2;2;0

0;6;18;1;0;0;0
1;6;18;1;0;0;0
2;6;18;1;0;0;0
3;6;18;1;0;0;0
4;6;18;1;0;0;0
5;6;18;1;0;0;0
6;6;18;1;1;0;1
7;6;18;1;0;0;0

0;8;18;0;0;0;0
1;8;18;0;0;0;0
2;8;18;0;0;0;0
3;8;18;0;0;0;0
4;8;18;0;0;0;0
5;8;18;0;5;5;0
6;8;18;0;3;1;2
7;8;18;0;0;0;0

0;8;18;1;0;0;0
1;8;18;1;0;0;0
2;8;18;1;0;0;0
3;8;18;1;0;0;0
4;8;18;1;0;0;0
5;8;18;1;1;1;0
6;8;18;1;0;0;0
7;8;18;1;0;0;0

0;0;2;0;8;0;8
1;0;2;0;0;0;0
2;0;2;0;2;0;2
3;0;2;0;0;0;0
4;0;2;0;8;8;0
5;0;2;0;9;9;0
6;0;2;0;4;4;0
7;0;2;0;10;10;0

0;0;2;1;10;0;10
1;0;2;1;0;0;0
2;0;2;1;0;0;0
3;0;2;1;0;0;0
4;0;2;1;10;10;0
5;0;2;1;1;1;0
6;0;2;1;0;0;0
7;0;2;1;10;10;0

0;0;2;3;8;0;8
1;0;2;3;0;0;0
2;0;2;3;0;0;0
3;0;2;3;0;0;0
4;0;2;3;9;9;0
5;0;2;3;1;1;0
6;0;2;3;0;0;0
7;0;2;3;9;9;0

0;0;2;2;0;0;0
1;0;2;2;0;0;0
2;0;2;2;0;0;0
3;0;2;2;0;0;0
4;0;2;2;0;0;0
5;0;2;2;0;0;0
6;0;2;2;0;0;0
7;0;2;2;0;0;0

0;10;2;0;4;0;4
1;10;2;0;0;0;0
2;10;2;0;10;0;10
3;10;2;0;0;0;0
4;10;2;0;5;5;0
5;10;2;0;10;10;0
6;10;2;0;10;10;0
7;10;2;0;10;10;0

0;10;2;1;2;0;2
1;10;2;1;0;0;0
2;10;2;1;0;0;0
3;10;2;1;0;0;0
4;10;2;1;5;5;0
5;10;2;1;0;0;0
6;10;2;1;0;0;0
7;10;2;1;10;10;0

0;10;2;3;10;0;10
1;10;2;3;0;0;0
2;10;2;3;3;0;3
3;10;2;3;0;0;0
4;10;2;3;10;10;0
5;10;2;3;3;3;0
6;10;2;3;5;5;0
7;10;2;3;10;10;0

0;10;2;2;10;0;10
1;10;2;2;6;0;6
2;10;2;2;9;0;9
3;10;2;2;0;0;0
4;10;2;2;12;10;2
5;10;2;2;16;9;7
6;10;2;2;16;7;9
7;10;2;2;11;10;1

0;12;2;0;10;0;10
1;12;2;0;0;0;0
2;12;2;0;10;0;10
3;12;2;0;0;0;0
4;12;2;0;10;10;0
5;12;2;0;10;10;0
6;12;2;0;10;10;0
7;12;2;0;10;10;0

0;12;2;1;1;0;1
1;12;2;1;0;0;0
2;12;2;1;6;0;6
3;12;2;1;0;0;0
4;12;2;1;1;1;0
5;12;2;1;10;10;0
6;12;2;1;4;4;0
7;12;2;1;3;3;0

0;12;2;3;10;0;10
1;12;2;3;0;0;0
2;12;2;3;4;0;4
3;12;2;3;0;0;0
4;12;2;3;10;10;0
5;12;2;3;10;10;0
6;12;2;3;4;4;0
7;12;2;3;10;10;0

0;12;2;2;7;0;7
1;12;2;2;5;0;5
2;12;2;2;10;0;10
3;12;2;2;0;0;0
4;12;2;2;7;7;0
5;12;2;2;16;10;6
6;12;2;2;19;10;9
7;12;2;2;2;2;0

0;14;2;0;8;0;8
1;14;2;0;5;0;5
2;14;2;0;0;0;0
3;14;2;0;0;0;0
4;14;2;0;9;9;0
5;14;2;0;8;4;4
6;14;2;0;10;1;9
7;14;2;0;10;10;0

0;14;2;1;5;0;5
1;14;2;1;0;0;0
2;14;2;1;0;0;0
3;14;2;1;0;0;0
4;14;2;1;3;3;0
5;14;2;1;0;0;0
6;14;2;1;1;0;1
7;14;2;1;4;4;0

0;14;2;3;6;0;6
1;14;2;3;0;0;0
2;14;2;3;0;0;0
3;14;2;3;0;0;0
4;14;2;3;6;6;0
5;14;2;3;0;0;0
6;14;2;3;0;0;0
7;14;2;3;10;10;0

0;14;2;2;10;0;10
1;14;2;2;5;0;5
2;14;2;2;10;0;10
3;14;2;2;0;0;0
4;14;2;2;9;9;0
5;14;2;2;15;10;5
6;14;2;2;20;10;10
7;14;2;2;10;10;0

0;16;2;0;10;0;10
1;16;2;0;3;0;3
2;16;2;0;4;0;4
3;16;2;0;3;0;3
4;16;2;0;16;9;7
5;16;2;0;10;10;0
6;16;2;0;7;7;0
7;16;2;0;12;10;2

0;16;2;1;6;0;6
1;16;2;1;0;0;0
2;16;2;1;0;0;0
3;16;2;1;0;0;0
4;16;2;1;6;6;0
5;16;2;1;0;0;0
6;16;2;1;2;0;2
7;16;2;1;10;10;0

0;16;2;3;10;0;10
1;16;2;3;0;0;0
2;16;2;3;5;0;5
3;16;2;3;0;0;0
4;16;2;3;10;10;0
5;16;2;3;5;5;0
6;16;2;3;5;5;0
7;16;2;3;10;10;0

0;16;2;2;10;0;10
1;16;2;2;0;0;0
2;16;2;2;7;0;7
3;16;2;2;0;0;0
4;16;2;2;10;10;0
5;16;2;2;10;10;0
6;16;2;2;3;3;0
7;16;2;2;10;10;0

0;18;2;0;10;0;10
1;18;2;0;0;0;0
2;18;2;0;6;0;6
3;18;2;0;0;0;0
4;18;2;0;12;10;2
5;18;2;0;10;10;0
6;18;2;0;9;9;0
7;18;2;0;11;10;1

0;18;2;1;0;0;0
1;18;2;1;0;0;0
2;18;2;1;1;0;1
3;18;2;1;0;0;0
4;18;2;1;0;0;0
5;18;2;1;4;4;0
6;18;2;1;2;2;0
7;18;2;1;0;0;0

0;18;2;3;10;0;10
1;18;2;3;1;0;1
2;18;2;3;4;0;4
3;18;2;3;0;0;0
4;18;2;3;10;10;0
5;18;2;3;9;9;0
6;18;2;3;5;4;1
7;18;2;3;10;10;0

0;18;2;2;10;0;10
1;18;2;2;8;0;8
2;18;2;2;10;0;10
3;18;2;2;0;0;0
4;18;2;2;11;10;1
5;18;2;2;13;8;5
6;18;2;2;17;7;10
7;18;2;2;10;10;0

0;20;2;0;10;0;10
1;20;2;0;4;0;4
2;20;2;0;10;0;10
3;20;2;0;5;0;5
4;20;2;0;17;10;7
5;20;2;0;17;10;7
6;20;2;0;17;10;7
7;20;2;0;13;10;3

0;20;2;1;10;0;10
1;20;2;1;8;0;8
2;20;2;1;10;0;10
3;20;2;1;1;0;1
4;20;2;1;11;9;2
5;20;2;1;17;10;7
6;20;2;1;20;10;10
7;20;2;1;10;10;0

0;20;2;3;9;0;9
1;20;2;3;0;0;0
2;20;2;3;0;0;0
3;20;2;3;5;0;5
4;20;2;3;13;9;4
5;20;2;3;5;5;0
6;20;2;3;1;0;1
7;20;2;3;13;9;4

0;20;2;2;10;0;10
1;20;2;2;10;0;10
2;20;2;2;10;0;10
3;20;2;2;8;0;8
4;20;2;2;16;10;6
5;20;2;2;20;10;10
6;20;2;2;20;10;10
7;20;2;2;11;10;1

0;22;2;0;0;0;0
1;22;2;0;0;0;0
2;22;2;0;0;0;0
3;22;2;0;0;0;0
4;22;2;0;0;0;0
5;22;2;0;0;0;0
6;22;2;0;0;0;0
7;22;2;0;0;0;0

0;22;2;1;4;0;4
1;22;2;1;0;0;0
2;22;2;1;0;0;0
3;22;2;1;0;0;0
4;22;2;1;1;1;0
5;22;2;1;4;4;0
6;22;2;1;0;0;0
7;22;2;1;3;3;0

0;22;2;3;0;0;0
1;22;2;3;0;0;0
2;22;2;3;0;0;0
3;22;2;3;0;0;0
4;22;2;3;0;0;0
5;22;2;3;0;0;0
6;22;2;3;0;0;0
7;22;2;3;0;0;0

0;22;2;2;0;0;0
1;22;2;2;0;0;0
2;22;2;2;0;0;0
3;22;2;2;0;0;0
4;22;2;2;0;0;0
5;22;2;2;0;0;0
6;22;2;2;0;0;0
7;22;2;2;0;0;0

0;2;2;0;10;0;10
1;2;2;0;7;0;7
2;2;2;0;4;0;4
3;2;2;0;0;0;0
4;2;2;0;10;10;0
5;2;2;0;16;10;6
6;2;2;0;16;7;9
7;2;2;0;11;10;1

0;2;2;1;10;0;10
1;2;2;1;0;0;0
2;2;2;1;6;0;6
3;2;2;1;0;0;0
4;2;2;1;10;10;0
5;2;2;1;10;10;0
6;2;2;1;8;8;0
7;2;2;1;10;10;0

0;2;2;3;10;0;10
1;2;2;3;0;0;0
2;2;2;3;0;0;0
3;2;2;3;1;0;1
4;2;2;3;1;1;0
5;2;2;3;0;0;0
6;2;2;3;0;0;0
7;2;2;3;1;1;0

0;2;2;2;10;0;10
1;2;2;2;0;0;0
2;2;2;2;4;0;4
3;2;2;2;0;0;0
4;2;2;2;10;10;0
5;2;2;2;9;9;0
6;2;2;2;3;2;1
7;2;2;2;10;10;0

0;4;2;0;6;0;6
1;4;2;0;0;0;0
2;4;2;0;0;0;0
3;4;2;0;0;0;0
4;4;2;0;7;7;0
5;4;2;0;1;1;0
6;4;2;0;0;0;0
7;4;2;0;10;10;0

0;4;2;1;10;0;10
1;4;2;1;0;0;0
2;4;2;1;3;0;3
3;4;2;1;0;0;0
4;4;2;1;10;10;0
5;4;2;1;10;10;0
6;4;2;1;4;4;0
7;4;2;1;9;9;0

0;4;2;3;10;0;10
1;4;2;3;0;0;0
2;4;2;3;4;0;4
3;4;2;3;0;0;0
4;4;2;3;10;10;0
5;4;2;3;10;10;0
6;4;2;3;3;3;0
7;4;2;3;10;10;0

0;4;2;2;10;0;10
1;4;2;2;0;0;0
2;4;2;2;7;0;7
3;4;2;2;0;0;0
4;4;2;2;10;10;0
5;4;2;2;10;10;0
6;4;2;2;7;7;0
7;4;2;2;10;10;0

0;6;2;0;10;0;10
1;6;2;0;9;0;9
2;6;2;0;10;0;10
3;6;2;0;0;0;0
4;6;2;0;10;10;0
5;6;2;0;13;10;3
6;6;2;0;20;10;10
7;6;2;0;10;10;0

0;6;2;1;10;0;10
1;6;2;1;0;0;0
2;6;2;1;6;0;6
3;6;2;1;0;0;0
4;6;2;1;9;9;0
5;6;2;1;11;10;1
6;6;2;1;13;9;4
7;6;2;1;10;10;0

0;6;2;3;10;0;10
1;6;2;3;0;0;0
2;6;2;3;6;0;6
3;6;2;3;0;0;0
4;6;2;3;10;10;0
5;6;2;3;10;10;0
6;6;2;3;9;5;4
7;6;2;3;10;10;0

0;6;2;2;10;0;10
1;6;2;2;0;0;0
2;6;2;2;10;0;10
3;6;2;2;0;0;0
4;6;2;2;10;10;0
5;6;2;2;10;10;0
6;6;2;2;10;10;0
7;6;2;2;10;10;0

0;8;2;0;10;0;10
1;8;2;0;10;0;10
2;8;2;0;10;0;10
3;8;2;0;0;0;0
4;8;2;0;9;9;0
5;8;2;0;18;10;8
6;8;2;0;20;10;10
7;8;2;0;10;10;0

0;8;2;1;9;0;9
1;8;2;1;0;0;0
2;8;2;1;0;0;0
3;8;2;1;0;0;0
4;8;2;1;10;10;0
5;8;2;1;0;0;0
6;8;2;1;0;0;0
7;8;2;1;10;10;0

0;8;2;3;10;0;10
1;8;2;3;0;0;0
2;8;2;3;10;0;10
3;8;2;3;0;0;0
4;8;2;3;10;10;0
5;8;2;3;10;10;0
6;8;2;3;10;10;0
7;8;2;3;10;10;0

0;8;2;2;10;0;10
1;8;2;2;0;0;0
2;8;2;2;10;0;10
3;8;2;2;0;0;0
4;8;2;2;9;9;0
5;8;2;2;10;10;0
6;8;2;2;10;10;0
7;8;2;2;10;10;0

0;0;4;0;11;1;10
1;0;4;0;0;0;0
2;0;4;0;10;0;10
3;0;4;0;0;0;0
4;0;4;0;10;10;0
5;0;4;0;8;8;0
6;0;4;0;11;10;1
7;0;4;0;10;10;0

0;0;4;1;9;0;9
1;0;4;1;0;0;0
2;0;4;1;8;0;8
3;0;4;1;0;0;0
4;0;4;1;10;10;0
5;0;4;1;10;10;0
6;0;4;1;10;10;0
7;0;4;1;10;10;0

0;0;4;3;10;0;10
1;0;4;3;0;0;0
2;0;4;3;10;0;10
3;0;4;3;0;0;0
4;0;4;3;10;9;1
5;0;4;3;9;9;0
6;0;4;3;10;10;0
7;0;4;3;10;10;0

0;0;4;2;10;0;10
1;0;4;2;0;0;0
2;0;4;2;10;0;10
3;0;4;2;0;0;0
4;0;4;2;10;10;0
5;0;4;2;8;8;0
6;0;4;2;13;10;3
7;0;4;2;10;10;0

0;10;4;0;10;0;10
1;10;4;0;6;0;6
2;10;4;0;5;0;5
3;10;4;0;0;0;0
4;10;4;0;10;9;1
5;10;4;0;10;8;2
6;10;4;0;5;3;2
7;10;4;0;10;10;0

0;10;4;1;9;0;9
1;10;4;1;0;0;0
2;10;4;1;9;0;9
3;10;4;1;0;0;0
4;10;4;1;10;9;1
5;10;4;1;10;10;0
6;10;4;1;13;8;5
7;10;4;1;8;8;0

0;10;4;3;10;0;10
1;10;4;3;0;0;0
2;10;4;3;2;0;2
3;10;4;3;0;0;0
4;10;4;3;10;10;0
5;10;4;3;8;8;0
6;10;4;3;5;5;0
7;10;4;3;10;10;0

0;10;4;2;9;0;9
1;10;4;2;0;0;0
2;10;4;2;2;0;2
3;10;4;2;0;0;0
4;10;4;2;9;9;0
5;10;4;2;5;5;0
6;10;4;2;5;5;0
7;10;4;2;10;10;0

0;12;4;0;9;0;9
1;12;4;0;0;0;0
2;12;4;0;8;0;8
3;12;4;0;0;0;0
4;12;4;0;7;7;0
5;12;4;0;8;8;0
6;12;4;0;8;6;2
7;12;4;0;9;9;0

0;12;4;1;4;0;4
1;12;4;1;0;0;0
2;12;4;1;4;0;4
3;12;4;1;0;0;0
4;12;4;1;0;0;0
5;12;4;1;4;4;0
6;12;4;1;5;1;4
7;12;4;1;6;6;0

0;12;4;3;10;0;10
1;12;4;3;0;0;0
2;12;4;3;2;0;2
3;12;4;3;0;0;0
4;12;4;3;10;9;1
5;12;4;3;5;5;0
6;12;4;3;3;1;2
7;12;4;3;9;9;0

0;12;4;2;10;0;10
1;12;4;2;0;0;0
2;12;4;2;3;0;3
3;12;4;2;0;0;0
4;12;4;2;10;10;0
5;12;4;2;6;6;0
6;12;4;2;5;3;2
7;12;4;2;9;9;0

0;14;4;0;11;1;10
1;14;4;0;0;0;0
2;14;4;0;1;0;1
3;14;4;0;0;0;0
4;14;4;0;10;10;0
5;14;4;0;5;5;0
6;14;4;0;3;3;0
7;14;4;0;10;10;0

0;14;4;1;9;0;9
1;14;4;1;5;0;5
2;14;4;1;7;0;7
3;14;4;1;0;0;0
4;14;4;1;10;10;0
5;14;4;1;9;9;0
6;14;4;1;14;9;5
7;14;4;1;10;10;0

0;14;4;3;5;0;5
1;14;4;3;0;0;0
2;14;4;3;3;0;3
3;14;4;3;0;0;0
4;14;4;3;7;7;0
5;14;4;3;6;6;0
6;14;4;3;7;2;5
7;14;4;3;10;10;0

0;14;4;2;10;0;10
1;14;4;2;0;0;0
2;14;4;2;2;0;2
3;14;4;2;0;0;0
4;14;4;2;9;9;0
5;14;4;2;0;0;0
6;14;4;2;0;0;0
7;14;4;2;10;10;0

0;16;4;0;10;0;10
1;16;4;0;0;0;0
2;16;4;0;0;0;0
3;16;4;0;0;0;0
4;16;4;0;10;10;0
5;16;4;0;1;1;0
6;16;4;0;4;0;4
7;16;4;0;9;9;0

0;16;4;1;7;0;7
1;16;4;1;0;0;0
2;16;4;1;8;0;8
3;16;4;1;0;0;0
4;16;4;1;4;4;0
5;16;4;1;7;7;0
6;16;4;1;3;3;0
7;16;4;1;10;10;0

0;16;4;3;7;0;7
1;16;4;3;0;0;0
2;16;4;3;1;0;1
3;16;4;3;0;0;0
4;16;4;3;10;9;1
5;16;4;3;0;0;0
6;16;4;3;1;0;1
7;16;4;3;10;10;0

0;16;4;2;10;0;10
1;16;4;2;2;0;2
2;16;4;2;5;0;5
3;16;4;2;0;0;0
4;16;4;2;9;9;0
5;16;4;2;10;10;0
6;16;4;2;9;5;4
7;16;4;2;10;10;0

0;18;4;0;10;0;10
1;18;4;0;0;0;0
2;18;4;0;9;0;9
3;18;4;0;6;0;6
4;18;4;0;16;9;7
5;18;4;0;11;10;1
6;18;4;0;8;8;0
7;18;4;0;11;10;1

0;18;4;1;10;0;10
1;18;4;1;0;0;0
2;18;4;1;0;0;0
3;18;4;1;3;0;3
4;18;4;1;10;6;4
5;18;4;1;2;2;0
6;18;4;1;1;1;0
7;18;4;1;12;10;2

0;18;4;3;10;0;10
1;18;4;3;0;0;0
2;18;4;3;0;0;0
3;18;4;3;0;0;0
4;18;4;3;12;9;3
5;18;4;3;10;10;0
6;18;4;3;3;1;2
7;18;4;3;9;9;0

0;18;4;2;10;0;10
1;18;4;2;7;0;7
2;18;4;2;10;0;10
3;18;4;2;7;0;7
4;18;4;2;20;10;10
5;18;4;2;17;10;7
6;18;4;2;20;10;10
7;18;4;2;12;10;2

0;20;4;0;10;0;10
1;20;4;0;10;0;10
2;20;4;0;10;0;10
3;20;4;0;7;0;7
4;20;4;0;14;10;4
5;20;4;0;20;10;10
6;20;4;0;20;10;10
7;20;4;0;13;10;3

0;20;4;1;10;0;10
1;20;4;1;3;0;3
2;20;4;1;8;0;8
3;20;4;1;6;0;6
4;20;4;1;18;10;8
5;20;4;1;10;10;0
6;20;4;1;14;8;6
7;20;4;1;14;10;4

0;20;4;3;10;0;10
1;20;4;3;10;0;10
2;20;4;3;10;0;10
3;20;4;3;10;0;10
4;20;4;3;20;10;10
5;20;4;3;20;10;10
6;20;4;3;20;10;10
7;20;4;3;19;10;9

0;20;4;2;10;0;10
1;20;4;2;6;0;6
2;20;4;2;10;0;10
3;20;4;2;4;0;4
4;20;4;2;10;10;0
5;20;4;2;16;10;6
6;20;4;2;6;6;0
7;20;4;2;10;10;0

0;22;4;0;0;0;0
1;22;4;0;0;0;0
2;22;4;0;0;0;0
3;22;4;0;0;0;0
4;22;4;0;0;0;0
5;22;4;0;0;0;0
6;22;4;0;0;0;0
7;22;4;0;0;0;0

0;22;4;1;6;0;6
1;22;4;1;0;0;0
2;22;4;1;2;0;2
3;22;4;1;0;0;0
4;22;4;1;9;9;0
5;22;4;1;3;3;0
6;22;4;1;0;0;0
7;22;4;1;9;9;0

0;22;4;3;0;0;0
1;22;4;3;0;0;0
2;22;4;3;0;0;0
3;22;4;3;0;0;0
4;22;4;3;0;0;0
5;22;4;3;1;1;0
6;22;4;3;0;0;0
7;22;4;3;0;0;0

0;22;4;2;0;0;0
1;22;4;2;0;0;0
2;22;4;2;0;0;0
3;22;4;2;0;0;0
4;22;4;2;0;0;0
5;22;4;2;2;2;0
6;22;4;2;0;0;0
7;22;4;2;0;0;0

0;2;4;0;10;0;10
1;2;4;0;0;0;0
2;2;4;0;10;0;10
3;2;4;0;0;0;0
4;2;4;0;11;10;1
5;2;4;0;7;7;0
6;2;4;0;12;10;2
7;2;4;0;10;10;0

0;2;4;1;10;0;10
1;2;4;1;0;0;0
2;2;4;1;10;0;10
3;2;4;1;0;0;0
4;2;4;1;14;10;4
5;2;4;1;10;10;0
6;2;4;1;12;10;2
7;2;4;1;10;10;0

0;2;4;3;8;0;8
1;2;4;3;0;0;0
2;2;4;3;9;0;9
3;2;4;3;0;0;0
4;2;4;3;11;10;1
5;2;4;3;10;10;0
6;2;4;3;9;9;0
7;2;4;3;10;10;0

0;2;4;2;10;0;10
1;2;4;2;0;0;0
2;2;4;2;10;0;10
3;2;4;2;0;0;0
4;2;4;2;11;10;1
5;2;4;2;9;8;1
6;2;4;2;10;10;0
7;2;4;2;10;10;0

0;4;4;0;10;0;10
1;4;4;0;0;0;0
2;4;4;0;10;0;10
3;4;4;0;0;0;0
4;4;4;0;12;10;2
5;4;4;0;10;10;0
6;4;4;0;10;10;0
7;4;4;0;10;10;0

0;4;4;1;10;0;10
1;4;4;1;0;0;0
2;4;4;1;10;0;10
3;4;4;1;0;0;0
4;4;4;1;12;10;2
5;4;4;1;10;10;0
6;4;4;1;10;10;0
7;4;4;1;10;10;0

0;4;4;3;10;0;10
1;4;4;3;0;0;0
2;4;4;3;8;0;8
3;4;4;3;0;0;0
4;4;4;3;11;10;1
5;4;4;3;8;8;0
6;4;4;3;9;9;0
7;4;4;3;10;10;0

0;4;4;2;10;0;10
1;4;4;2;0;0;0
2;4;4;2;7;0;7
3;4;4;2;0;0;0
4;4;4;2;10;10;0
5;4;4;2;9;9;0
6;4;4;2;9;9;0
7;4;4;2;10;10;0

0;6;4;0;10;0;10
1;6;4;0;0;0;0
2;6;4;0;9;0;9
3;6;4;0;0;0;0
4;6;4;0;9;9;0
5;6;4;0;10;10;0
6;6;4;0;10;10;0
7;6;4;0;10;10;0

0;6;4;1;10;0;10
1;6;4;1;0;0;0
2;6;4;1;10;0;10
3;6;4;1;0;0;0
4;6;4;1;11;10;1
5;6;4;1;9;9;0
6;6;4;1;11;10;1
7;6;4;1;10;10;0

0;6;4;3;10;0;10
1;6;4;3;0;0;0
2;6;4;3;9;0;9
3;6;4;3;0;0;0
4;6;4;3;15;10;5
5;6;4;3;9;9;0
6;6;4;3;11;10;1
7;6;4;3;10;10;0

0;6;4;2;10;0;10
1;6;4;2;0;0;0
2;6;4;2;8;0;8
3;6;4;2;0;0;0
4;6;4;2;13;8;5
5;6;4;2;9;9;0
6;6;4;2;8;8;0
7;6;4;2;10;10;0

0;8;4;0;4;0;4
1;8;4;0;0;0;0
2;8;4;0;4;0;4
3;8;4;0;0;0;0
4;8;4;0;7;7;0
5;8;4;0;10;10;0
6;8;4;0;6;6;0
7;8;4;0;7;7;0

0;8;4;1;10;0;10
1;8;4;1;0;0;0
2;8;4;1;2;0;2
3;8;4;1;0;0;0
4;8;4;1;14;10;4
5;8;4;1;5;5;0
6;8;4;1;4;4;0
7;8;4;1;10;10;0

0;8;4;3;10;0;10
1;8;4;3;0;0;0
2;8;4;3;5;0;5
3;8;4;3;0;0;0
4;8;4;3;17;10;7
5;8;4;3;9;9;0
6;8;4;3;8;7;1
7;8;4;3;10;10;0

0;8;4;2;4;0;4
1;8;4;2;0;0;0
2;8;4;2;7;0;7
3;8;4;2;0;0;0
4;8;4;2;10;10;0
5;8;4;2;10;10;0
6;8;4;2;8;5;3
7;8;4;2;10;10;0

0;0;6;0;6;0;6
1;0;6;0;0;0;0
2;0;6;0;1;0;1
3;0;6;0;0;0;0
4;0;6;0;3;3;0
5;0;6;0;4;4;0
6;0;6;0;0;0;0
7;0;6;0;3;3;0

0;0;6;1;0;0;0
1;0;6;1;0;0;0
2;0;6;1;0;0;0
3;0;6;1;0;0;0
4;0;6;1;0;0;0
5;0;6;1;4;4;0
6;0;6;1;0;0;0
7;0;6;1;4;4;0

0;10;6;0;10;0;10
1;10;6;0;0;0;0
2;10;6;0;0;0;0
3;10;6;0;0;0;0
4;10;6;0;10;10;0
5;10;6;0;3;3;0
6;10;6;0;0;0;0
7;10;6;0;9;9;0

0;10;6;1;6;0;6
1;10;6;1;0;0;0
2;10;6;1;0;0;0
3;10;6;1;0;0;0
4;10;6;1;7;6;1
5;10;6;1;3;3;0
6;10;6;1;1;1;0
7;10;6;1;10;10;0

0;12;6;0;10;0;10
1;12;6;0;0;0;0
2;12;6;0;0;0;0
3;12;6;0;0;0;0
4;12;6;0;9;9;0
5;12;6;0;7;7;0
6;12;6;0;1;1;0
7;12;6;0;10;10;0

0;12;6;1;9;0;9
1;12;6;1;0;0;0
2;12;6;1;4;0;4
3;12;6;1;0;0;0
4;12;6;1;10;10;0
5;12;6;1;10;10;0
6;12;6;1;4;4;0
7;12;6;1;10;10;0

0;14;6;0;10;0;10
1;14;6;0;4;0;4
2;14;6;0;9;0;9
3;14;6;0;0;0;0
4;14;6;0;10;10;0
5;14;6;0;13;10;3
6;14;6;0;16;10;6
7;14;6;0;10;10;0

0;14;6;1;4;0;4
1;14;6;1;0;0;0
2;14;6;1;1;0;1
3;14;6;1;0;0;0
4;14;6;1;3;3;0
5;14;6;1;5;5;0
6;14;6;1;1;1;0
7;14;6;1;10;10;0

0;16;6;0;10;0;10
1;16;6;0;9;0;9
2;16;6;0;6;0;6
3;16;6;0;0;0;0
4;16;6;0;10;10;0
5;16;6;0;10;6;4
6;16;6;0;11;2;9
7;16;6;0;10;10;0

0;16;6;1;8;0;8
1;16;6;1;0;0;0
2;16;6;1;0;0;0
3;16;6;1;0;0;0
4;16;6;1;4;4;0
5;16;6;1;1;1;0
6;16;6;1;0;0;0
7;16;6;1;8;8;0

0;18;6;0;4;0;4
1;18;6;0;8;0;8
2;18;6;0;5;0;5
3;18;6;0;3;0;3
4;18;6;0;7;4;3
5;18;6;0;16;10;6
6;18;6;0;10;5;5
7;18;6;0;9;8;1

0;18;6;1;10;0;10
1;18;6;1;10;0;10
2;18;6;1;10;0;10
3;18;6;1;2;0;2
4;18;6;1;13;10;3
5;18;6;1;20;10;10
6;18;6;1;20;10;10
7;18;6;1;13;10;3

0;20;6;0;10;0;10
1;20;6;0;0;0;0
2;20;6;0;6;0;6
3;20;6;0;6;0;6
4;20;6;0;19;9;10
5;20;6;0;7;6;1
6;20;6;0;10;9;1
7;20;6;0;13;9;4

0;20;6;1;10;0;10
1;20;6;1;9;0;9
2;20;6;1;10;0;10
3;20;6;1;4;0;4
4;20;6;1;19;10;9
5;20;6;1;20;10;10
6;20;6;1;19;10;9
7;20;6;1;17;10;7

0;22;6;0;0;0;0
1;22;6;0;0;0;0
2;22;6;0;0;0;0
3;22;6;0;0;0;0
4;22;6;0;0;0;0
5;22;6;0;0;0;0
6;22;6;0;0;0;0
7;22;6;0;0;0;0

0;22;6;1;0;0;0
1;22;6;1;0;0;0
2;22;6;1;0;0;0
3;22;6;1;0;0;0
4;22;6;1;0;0;0
5;22;6;1;3;3;0
6;22;6;1;1;1;0
7;22;6;1;0;0;0

0;2;6;0;4;0;4
1;2;6;0;0;0;0
2;2;6;0;2;0;2
3;2;6;0;0;0;0
4;2;6;0;5;4;1
5;2;6;0;4;4;0
6;2;6;0;0;0;0
7;2;6;0;10;10;0

0;2;6;1;0;0;0
1;2;6;1;0;0;0
2;2;6;1;0;0;0
3;2;6;1;0;0;0
4;2;6;1;0;0;0
5;2;6;1;0;0;0
6;2;6;1;0;0;0
7;2;6;1;6;6;0

0;4;6;0;10;0;10
1;4;6;0;0;0;0
2;4;6;0;1;0;1
3;4;6;0;0;0;0
4;4;6;0;10;10;0
5;4;6;0;3;3;0
6;4;6;0;0;0;0
7;4;6;0;10;10;0

0;4;6;1;5;0;5
1;4;6;1;0;0;0
2;4;6;1;0;0;0
3;4;6;1;0;0;0
4;4;6;1;5;5;0
5;4;6;1;2;2;0
6;4;6;1;0;0;0
7;4;6;1;10;10;0

0;6;6;0;5;0;5
1;6;6;0;0;0;0
2;6;6;0;1;0;1
3;6;6;0;0;0;0
4;6;6;0;5;5;0
5;6;6;0;3;3;0
6;6;6;0;0;0;0
7;6;6;0;8;8;0

0;6;6;1;8;0;8
1;6;6;1;0;0;0
2;6;6;1;1;0;1
3;6;6;1;0;0;0
4;6;6;1;7;7;0
5;6;6;1;1;1;0
6;6;6;1;0;0;0
7;6;6;1;7;7;0

0;8;6;0;10;0;10
1;8;6;0;0;0;0
2;8;6;0;2;0;2
3;8;6;0;0;0;0
4;8;6;0;10;10;0
5;8;6;0;9;9;0
6;8;6;0;1;1;0
7;8;6;0;10;10;0

0;8;6;1;9;0;9
1;8;6;1;0;0;0
2;8;6;1;0;0;0
3;8;6;1;0;0;0
4;8;6;1;9;9;0
5;8;6;1;1;1;0
6;8;6;1;0;0;0
7;8;6;1;10;10;0

0;0;8;0;11;1;10
1;0;8;0;0;0;0
2;0;8;0;9;0;9
3;0;8;0;0;0;0
4;0;8;0;5;5;0
5;0;8;0;7;7;0
6;0;8;0;7;6;1
7;0;8;0;6;6;0

0;0;8;1;3;0;3
1;0;8;1;0;0;0
2;0;8;1;2;0;2
3;0;8;1;0;0;0
4;0;8;1;4;4;0
5;0;8;1;4;4;0
6;0;8;1;7;7;0
7;0;8;1;8;8;0

0;10;8;0;8;1;7
1;10;8;0;0;0;0
2;10;8;0;0;0;0
3;10;8;0;0;0;0
4;10;8;0;10;10;0
5;10;8;0;0;0;0
6;10;8;0;0;0;0
7;10;8;0;10;10;0

0;10;8;1;7;0;7
1;10;8;1;0;0;0
2;10;8;1;0;0;0
3;10;8;1;0;0;0
4;10;8;1;8;8;0
5;10;8;1;0;0;0
6;10;8;1;3;0;3
7;10;8;1;10;10;0

0;12;8;0;6;0;6
1;12;8;0;0;0;0
2;12;8;0;0;0;0
3;12;8;0;0;0;0
4;12;8;0;6;6;0
5;12;8;0;7;7;0
6;12;8;0;3;0;3
7;12;8;0;10;10;0

0;12;8;1;4;0;4
1;12;8;1;0;0;0
2;12;8;1;0;0;0
3;12;8;1;0;0;0
4;12;8;1;3;3;0
5;12;8;1;2;2;0
6;12;8;1;0;0;0
7;12;8;1;8;8;0

0;14;8;0;10;0;10
1;14;8;0;0;0;0
2;14;8;0;1;0;1
3;14;8;0;0;0;0
4;14;8;0;10;10;0
5;14;8;0;6;6;0
6;14;8;0;2;1;1
7;14;8;0;10;10;0

0;14;8;1;10;0;10
1;14;8;1;0;0;0
2;14;8;1;0;0;0
3;14;8;1;0;0;0
4;14;8;1;7;7;0
5;14;8;1;6;6;0
6;14;8;1;0;0;0
7;14;8;1;10;10;0

0;16;8;0;10;0;10
1;16;8;0;1;0;1
2;16;8;0;0;0;0
3;16;8;0;0;0;0
4;16;8;0;9;9;0
5;16;8;0;6;3;3
6;16;8;0;4;0;4
7;16;8;0;10;10;0

0;16;8;1;7;0;7
1;16;8;1;0;0;0
2;16;8;1;3;0;3
3;16;8;1;0;0;0
4;16;8;1;6;6;0
5;16;8;1;1;1;0
6;16;8;1;0;0;0
7;16;8;1;9;9;0

0;18;8;0;10;0;10
1;18;8;0;4;0;4
2;18;8;0;3;0;3
3;18;8;0;2;0;2
4;18;8;0;10;10;0
5;18;8;0;12;10;2
6;18;8;0;6;5;1
7;18;8;0;10;10;0

0;18;8;1;10;0;10
1;18;8;1;5;0;5
2;18;8;1;3;0;3
3;18;8;1;2;0;2
4;18;8;1;11;9;2
5;18;8;1;10;9;1
6;18;8;1;5;5;0
7;18;8;1;12;10;2

0;20;8;0;0;0;0
1;20;8;0;0;0;0
2;20;8;0;0;0;0
3;20;8;0;0;0;0
4;20;8;0;0;0;0
5;20;8;0;0;0;0
6;20;8;0;0;0;0
7;20;8;0;2;2;0

0;20;8;1;9;0;9
1;20;8;1;2;0;2
2;20;8;1;6;0;6
3;20;8;1;0;0;0
4;20;8;1;11;10;1
5;20;8;1;8;5;3
6;20;8;1;8;4;4
7;20;8;1;9;9;0

0;2;8;0;5;0;5
1;2;8;0;0;0;0
2;2;8;0;2;0;2
3;2;8;0;0;0;0
4;2;8;0;0;0;0
5;2;8;0;8;8;0
6;2;8;0;4;3;1
7;2;8;0;5;5;0

0;2;8;1;3;0;3
1;2;8;1;0;0;0
2;2;8;1;5;0;5
3;2;8;1;0;0;0
4;2;8;1;2;2;0
5;2;8;1;4;4;0
6;2;8;1;4;2;2
7;2;8;1;2;2;0

0;4;8;0;5;0;5
1;4;8;0;0;0;0
2;4;8;0;4;0;4
3;4;8;0;0;0;0
4;4;8;0;5;5;0
5;4;8;0;8;8;0
6;4;8;0;5;1;4
7;4;8;0;3;3;0

0;4;8;1;0;0;0
1;4;8;1;0;0;0
2;4;8;1;5;0;5
3;4;8;1;0;0;0
4;4;8;1;3;3;0
5;4;8;1;9;9;0
6;4;8;1;5;2;3
7;4;8;1;3;2;1

0;6;8;0;2;0;2
1;6;8;0;0;0;0
2;6;8;0;2;0;2
3;6;8;0;0;0;0
4;6;8;0;4;4;0
5;6;8;0;5;5;0
6;6;8;0;2;0;2
7;6;8;0;8;8;0

0;6;8;1;5;0;5
1;6;8;1;0;0;0
2;6;8;1;2;0;2
3;6;8;1;0;0;0
4;6;8;1;1;1;0
5;6;8;1;7;7;0
6;6;8;1;1;1;0
7;6;8;1;3;3;0

0;8;8;0;2;0;2
1;8;8;0;0;0;0
2;8;8;0;0;0;0
3;8;8;0;0;0;0
4;8;8;0;1;1;0
5;8;8;0;4;4;0
6;8;8;0;1;1;0
7;8;8;0;8;8;0

0;8;8;1;5;0;5
1;8;8;1;0;0;0
2;8;8;1;1;0;1
3;8;8;1;0;0;0
4;8;8;1;6;6;0
5;8;8;1;2;2;0
6;8;8;1;0;0;0
7;8;8;1;10;10;0

0;16;0;0;10;0;10
1;16;0;0;10;0;10
2;16;0;0;6;0;6
3;16;0;0;10;0;10
4;16;0;0;20;10;10
5;16;0;0;17;9;8
6;16;0;0;15;5;10
7;16;0;0;20;10;10

0;18;0;0;10;0;10
1;18;0;0;10;0;10
2;18;0;0;10;0;10
3;18;0;0;10;0;10
4;18;0;0;19;9;10
5;18;0;0;20;10;10
6;18;0;0;20;10;10
7;18;0;0;20;10;10

0;20;0;0;0;0;0
1;20;0;0;0;0;0
2;20;0;0;0;0;0
3;20;0;0;0;0;0
4;20;0;0;0;0;0
5;20;0;0;0;0;0
6;20;0;0;0;0;0
7;20;0;0;0;0;0

0;22;0;0;0;0;0
1;22;0;0;0;0;0
2;22;0;0;0;0;0
3;22;0;0;0;0;0
4;22;0;0;0;0;0
5;22;0;0;0;0;0
6;22;0;0;0;0;0
7;22;0;0;1;1;0

0;16;0;1;10;0;10
1;16;0;1;3;0;3
2;16;0;1;5;0;5
3;16;0;1;9;0;9
4;16;0;1;19;10;9
5;16;0;1;11;10;1
6;16;0;1;13;10;3
7;16;0;1;15;10;5

0;18;0;1;10;0;10
1;18;0;1;10;0;10
2;18;0;1;10;0;10
3;18;0;1;4;0;4
4;18;0;1;17;10;7
5;18;0;1;18;10;8
6;18;0;1;20;10;10
7;18;0;1;13;10;3

0;20;0;1;0;0;0
1;20;0;1;0;0;0
2;20;0;1;0;0;0
3;20;0;1;1;0;1
4;20;0;1;3;0;3
5;20;0;1;1;1;0
6;20;0;1;1;1;0
7;20;0;1;2;2;0

0;22;0;1;0;0;0
1;22;0;1;0;0;0
2;22;0;1;0;0;0
3;22;0;1;0;0;0
4;22;0;1;0;0;0
5;22;0;1;8;8;0
6;22;0;1;1;1;0
7;22;0;1;0;0;0
